

n <-100
n*(n+1)/2
totalSum=5050
totalSum*total

