

n <-1000
n*(n+1)/2
 

